# Multi-page transcript (ADR-014 PR(c))
# Model:    zai-org/GLM-OCR
# Invoice:  zugferd_2p1_EN16931_Sachversicherung_berechneter_Steuersatz
# Pages:    3
# DPI:      300
# Errors:   0/3
# Extract:  110.68s total
# Adapter:  regex
# Prompt:   Recognize all text in the image and output in markdown format

===== PAGE 1 =====
Stylesheet Lesbarmachung der XML-Daten von ZUGFeRD-Rechnungen
ZUGFeRD-Version : 2.1 vom 24.03.2020
Stylesheet-Version: 2.0 vom 18.10.2018
Codelisten-Version: 3.0 vom 15.11.2019
(c) AWV e.V. 2020

Rechnung des Versicherers Nr. 00.123.456.7-2018-1 vom 18.04.2018

Anwendungsempfehlung : urn:cen.eu:en16931:2017
Versicherungsverein Musterstadt a.G.
Versicherungsbüro
Liefer- und Leistungsdatum : 21.05.2018

Anwendungsempfehlung : urn:cen.eu:en16931:2017
Währung : EUR

Liefer- und Leistungsdatum : 21.05.2018
===== PAGE 2 =====
Art-Nr
(Art)

1 Verbundene 1.000,00 1 Stk 0 % VAT (E) 1163,40
Wohngebäudeversicherung
Bruttopreis : 1.163,40

- Feuerversicherung - Teil A § 2 62.000 MK1914
- Leitungswasserversicherung - Teil A § 3 62.000 MK1914
- Sturm- und Hagelversicherung - Teil A § 4 Ziff. 2 62.000 MK1914
- WohngebäudePlus und zusätzliche Einschlüsse gemäß
Antrag
- Weitere Elementargefahren - Teil A § 4 Ziff. 3 62.000 MK1914

Enthält 16,34 % Versicherungssteuer = 163,40 €

Art (Kategorie) Warenwert Zu/Abschlag Steuerbasis gemäß
VAT (E)
Gesamtbetrag der Abschläge
Rechnungssumme ohne USt.
Frachtungsumme
Erhaltene Anzahlungen
UStG

1163,40
1163,40
1163,40
1163,40
1163,40
1163,40
1163,40
1163,40
1163,40
1163,40
1163,40
1163,40
1163,40
1163,40
1163,40
1163,40
1163,40
1163,40
1163,40
1163,40
1163,40
1163,40
1163,40
1163,40
1163,40
1163,40
1163,40
1163,40
1163,40
1163,40
1163,40
1163,40
1163,40
1163,40
1163,40
1163,40
1163,40
1163,40
1163,40
1163,40
1163,40
1163,40
1163,40
1163,40
1163,40
1163,40
1163,40
1163,40
1163,40
1163,40
1163,40
1163,40
1163,40
1163,40
1163,40
1163,40
1163,40
1163,40
1163,40
1163,40
1163,40
1163,40
1163,40
1163,40
1163,40
1163,40
1163,40
1163,40
1163,40
1163,40
1163,40
1163,40
1163,40
1163,40
1163,40
1163,40
1163,40
1163,40
1163,40
1163,40
1163,40
1163,40
1163,40
1163,40
1163,40
1163,40
1163,40
1163,40
1163,40
1163,40
1163,40
1163,40
1163,40
1163,40
1163,40
1163,40
1163,40
1163,40
1163,40
1163,40
1163,40
1163,40
1163,40
1163,40
1163,40
1163,40
1163,40
1163,40
1163,40
1163,40
1163,40
1163,40
1163,40
1163,40
1163,40
1163,40
1163,40
1163,40
1163,40
1163,40
1163,40
1163,40
1163,40
1163,40
1163,40
1163,40
1163,40
1163,40
1163,40
1163,40
1163,40
1163,40
1163,40
1163,40
1163,40
1163,40
1163,40
1163,40
1163,40
1163,40
1163,40
1163,40
1163,40
1163,40
1163,40
1163,40
1163,40
1163,40
1163,40
1163,40
1163,40
1163,40
1163,40
1163,40
1163,40
1163,40
1163,40
1163,40
1163,40
1163,40
1163,40
1163,40
1163,40
1163,40
1163,40
1163,40
1163,40
1163,40
1163,40
1163,40
1163,40
1163,40
1163,40
1163,40
1163,40
1163,40
1163,40
1163,40
1163,40
1163,40
1163,40
1163,40
1163,40
1163,40
1163,40
1163,40
1163,40
1163,40
1163,40
1163,40
1163,40
1163,40
1163,40
1163,40
1163,40
1163,40
1163,40
1163,40
1163,40
1163,40
1163,40
1163,40
1163,40
1163,40
1163,40
1163,40
1163,40
1163,40
1163,40
1163,40
1163,40
1163,40
1163,40
1163,40
1163,40
1163,40
1163,40
1163,40
1163,
===== PAGE 3 =====
```markdown

```